subset of solutions

Latin Square 8x8
 1 2 3 4 5 6 7 8
 2 5 1 3 4 8 6 7
 3 1 2 5 6 7 8 4
 4 3 5 8 7 1 2 6
 5 4 6 7 8 2 1 3
 6 8 7 1 2 3 4 5
 7 6 8 2 3 4 5 1
 8 7 4 6 1 5 3 2

Latin Square 8x8
 1 2 3 4 5 6 7 8
 2 5 1 3 4 8 6 7
 3 1 2 5 6 7 8 4
 4 3 5 8 7 1 2 6
 5 4 6 7 8 2 1 3
 6 8 7 1 2 4 3 5
 7 6 8 2 3 5 4 1
 8 7 4 6 1 3 5 2

Latin Square 8x8
 1 2 3 4 5 6 7 8
 2 5 1 3 4 8 6 7
 3 1 2 5 6 7 8 4
 4 3 5 8 7 1 2 6
 5 4 6 7 8 2 1 3
 6 8 7 1 3 4 5 2
 7 6 8 2 1 3 4 5
 8 7 4 6 2 5 3 1

Latin Square 8x8
 1 2 3 4 5 6 7 8
 2 5 1 3 4 8 6 7
 3 1 2 5 6 7 8 4
 4 3 5 8 7 1 2 6
 5 4 6 7 8 2 1 3
 6 8 7 1 3 5 4 2
 7 6 8 2 1 4 3 5
 8 7 4 6 2 3 5 1

Latin Square 8x8
 1 2 3 4 5 6 7 8
 2 5 1 3 4 8 6 7
 3 1 2 5 6 7 8 4
 4 3 5 8 7 1 2 6
 5 4 6 7 8 2 3 1
 6 8 7 1 2 3 4 5
 7 6 8 2 1 4 5 3
 8 7 4 6 3 5 1 2

Latin Square 8x8
 1 2 3 4 5 6 7 8
 2 5 1 3 4 8 6 7
 3 1 2 5 6 7 8 4
 4 3 5 8 7 1 2 6
 5 4 6 7 8 2 3 1
 6 8 7 1 2 4 5 3
 7 6 8 2 1 3 4 5
 8 7 4 6 3 5 1 2

Latin Square 8x8
 1 2 3 4 5 6 7 8
 2 5 1 3 4 8 6 7
 3 1 2 5 6 7 8 4
 4 3 5 8 7 1 2 6
 5 4 6 7 8 2 3 1
 6 8 7 1 2 5 4 3
 7 6 8 2 3 4 1 5
 8 7 4 6 1 3 5 2

Latin Square 8x8
 1 2 3 4 5 6 7 8
 2 5 1 3 4 8 6 7
 3 1 2 5 6 7 8 4
 4 3 5 8 7 1 2 6
 5 4 6 7 8 2 3 1
 6 8 7 1 3 4 5 2
 7 6 8 2 1 3 4 5
 8 7 4 6 2 5 1 3

Latin Square 8x8
 1 2 3 4 5 6 7 8
 2 5 1 3 4 8 6 7
 3 1 2 5 6 7 8 4
 4 3 5 8 7 1 2 6
 5 4 6 7 8 2 3 1
 6 8 7 1 3 4 5 2
 7 6 8 2 1 5 4 3
 8 7 4 6 2 3 1 5

Latin Square 8x8
 1 2 3 4 5 6 7 8
 2 5 1 3 4 8 6 7
 3 1 2 5 6 7 8 4
 4 3 5 8 7 1 2 6
 5 4 6 7 8 2 3 1
 6 8 7 1 3 5 4 2
 7 6 8 2 1 4 5 3
 8 7 4 6 2 3 1 5

Latin Square 8x8
 1 2 3 4 5 6 7 8
 2 5 1 3 4 8 6 7
 3 1 2 5 6 7 8 4
 4 3 5 8 7 1 2 6
 5 4 6 7 8 3 1 2
 6 8 7 1 2 4 3 5
 7 6 8 2 1 5 4 3
 8 7 4 6 3 2 5 1

Latin Square 8x8
 1 2 3 4 5 6 7 8
 2 5 1 3 4 8 6 7
 3 1 2 5 6 7 8 4
 4 3 5 8 7 1 2 6
 5 4 6 7 8 3 1 2
 6 8 7 1 2 4 3 5
 7 6 8 2 3 5 4 1
 8 7 4 6 1 2 5 3

Latin Square 8x8
 1 2 3 4 5 6 7 8
 2 5 1 3 4 8 6 7
 3 1 2 5 6 7 8 4
 4 3 5 8 7 1 2 6
 5 4 6 7 8 3 1 2
 6 8 7 1 2 4 5 3
 7 6 8 2 3 5 4 1
 8 7 4 6 1 2 3 5

Latin Square 8x8
 1 2 3 4 5 6 7 8
 2 5 1 3 4 8 6 7
 3 1 2 5 6 7 8 4
 4 3 5 8 7 1 2 6
 5 4 6 7 8 3 1 2
 6 8 7 1 2 5 4 3
 7 6 8 2 1 4 3 5
 8 7 4 6 3 2 5 1

Latin Square 8x8
 1 2 3 4 5 6 7 8
 2 5 1 3 4 8 6 7
 3 1 2 5 6 7 8 4
 4 3 5 8 7 1 2 6
 5 4 6 7 8 3 1 2
 6 8 7 1 2 5 4 3
 7 6 8 2 3 4 5 1
 8 7 4 6 1 2 3 5

Latin Square 8x8
 1 2 3 4 5 6 7 8
 2 5 1 3 4 8 6 7
 3 1 2 5 6 7 8 4
 4 3 5 8 7 1 2 6
 5 4 6 7 8 3 1 2
 6 8 7 1 3 2 4 5
 7 6 8 2 1 4 5 3
 8 7 4 6 2 5 3 1
