subset of solutions

Latin Square 7x7
 1 2 3 4 5 6 7
 2 5 1 3 4 7 6
 3 1 2 7 6 5 4
 4 3 7 6 1 2 5
 5 4 6 1 7 3 2
 6 7 5 2 3 4 1
 7 6 4 5 2 1 3

Latin Square 7x7
 1 2 3 4 5 6 7
 2 5 1 3 4 7 6
 3 1 2 7 6 5 4
 4 3 7 6 1 2 5
 5 4 6 2 7 1 3
 6 7 5 1 3 4 2
 7 6 4 5 2 3 1

Latin Square 7x7
 1 2 3 4 5 6 7
 2 5 1 3 4 7 6
 3 1 2 7 6 5 4
 4 3 7 6 1 2 5
 5 4 6 2 7 3 1
 6 7 5 1 2 4 3
 7 6 4 5 3 1 2

Latin Square 7x7
 1 2 3 4 5 6 7
 2 5 1 3 4 7 6
 3 1 2 7 6 5 4
 4 3 7 6 1 2 5
 5 4 6 2 7 3 1
 6 7 5 1 3 4 2
 7 6 4 5 2 1 3

Latin Square 7x7
 1 2 3 4 5 6 7
 2 5 1 3 4 7 6
 3 1 2 7 6 5 4
 4 3 7 6 2 1 5
 5 4 6 1 7 2 3
 6 7 5 2 3 4 1
 7 6 4 5 1 3 2

Latin Square 7x7
 1 2 3 4 5 6 7
 2 5 1 3 4 7 6
 3 1 2 7 6 5 4
 4 3 7 6 2 1 5
 5 4 6 1 7 3 2
 6 7 5 2 1 4 3
 7 6 4 5 3 2 1

Latin Square 7x7
 1 2 3 4 5 6 7
 2 5 1 3 4 7 6
 3 1 2 7 6 5 4
 4 3 7 6 2 1 5
 5 4 6 1 7 3 2
 6 7 5 2 3 4 1
 7 6 4 5 1 2 3

Latin Square 7x7
 1 2 3 4 5 6 7
 2 5 1 3 4 7 6
 3 1 2 7 6 5 4
 4 3 7 6 2 1 5
 5 4 6 2 7 3 1
 6 7 5 1 3 4 2
 7 6 4 5 1 2 3
